db=D:\repo\codex\qmlTester\taidaflow\build\w2-086-run\live\data\sensor_202610.sqlite (read-only) sensor_data rows in insert order:
rowid=1 ts=1790944325 time=2026-10-02 20:32:05 s=18743,19038,22282,21692,1180,1132,1085,1038,991,944,897,0,13107,19669,26214,32776
rowid=2 ts=1790944326 time=2026-10-02 20:32:06 s=18743,19038,22282,21692,1180,1132,1085,1038,991,944,897,0,13107,19669,26214,32776
rowid=3 ts=1790944327 time=2026-10-02 20:32:07 s=18743,19038,22282,21692,1180,1132,1085,1038,991,944,897,0,13107,19669,26214,32776
rowid=4 ts=1790944328 time=2026-10-02 20:32:08 s=18743,19038,22282,21692,1180,1132,1085,1038,991,944,897,0,13107,19669,26214,32776
rowid=5 ts=1790944329 time=2026-10-02 20:32:09 s=18743,19038,22282,21692,1180,1132,1085,1038,991,944,897,0,13107,19669,26214,32776
rowid=6 ts=1790944330 time=2026-10-02 20:32:10 s=18743,19038,22282,21692,1180,1132,1085,1038,991,944,897,0,13107,19669,26214,32776
rowid=7 ts=1790944331 time=2026-10-02 20:32:11 s=18743,19038,22282,21692,1180,1132,1085,1038,991,944,897,0,13107,19669,26214,32776
rowid=8 ts=1790944332 time=2026-10-02 20:32:12 s=18743,19038,22282,21692,1180,1132,1085,1038,991,944,897,0,13107,19669,26214,32776
rowid=9 ts=1790944333 time=2026-10-02 20:32:13 s=18743,19038,22282,21692,1180,1132,1085,1038,991,944,897,0,13107,19669,26214,32776
rowid=10 ts=1790944334 time=2026-10-02 20:32:14 s=18743,19038,22282,21692,1180,1132,1085,1038,991,944,897,0,13107,19669,26214,32776
rowid=11 ts=1790944335 time=2026-10-02 20:32:15 s=18743,19038,22282,21692,1180,1132,1085,1038,991,944,897,0,13107,19669,26214,32776
rowid=12 ts=1790944336 time=2026-10-02 20:32:16 s=18743,19038,22282,21692,1180,1132,1085,1038,991,944,897,0,13107,19669,26214,32776
rowid=13 ts=1790944337 time=2026-10-02 20:32:17 s=18743,19038,22282,21692,1180,1132,1085,1038,991,944,897,0,13107,19669,26214,32776
rowid=14 ts=1790944338 time=2026-10-02 20:32:18 s=18743,19038,22282,21692,1180,1132,1085,1038,991,944,897,0,13107,19669,26214,32776
rowid=15 ts=1790944339 time=2026-10-02 20:32:19 s=18743,19038,22282,21692,1180,1132,1085,1038,991,944,897,0,13107,19669,26214,32776
rowid=16 ts=1790944340 time=2026-10-02 20:32:20 s=18743,19038,22282,21692,1180,1132,1085,1038,991,944,897,0,13107,19669,26214,32776
rowid=17 ts=1790944341 time=2026-10-02 20:32:21 s=18743,19038,22282,21692,1180,1132,1085,1038,991,944,897,0,13107,19669,26214,32776
rowid=18 ts=1790944342 time=2026-10-02 20:32:22 s=18743,19038,22282,21692,1180,1132,1085,1038,991,944,897,0,13107,19669,26214,32776
rowid=19 ts=1790944343 time=2026-10-02 20:32:23 s=18743,19038,22282,21692,1180,1132,1085,1038,991,944,897,0,13107,19669,26214,32776
rowid=20 ts=1790944344 time=2026-10-02 20:32:24 s=18743,19038,22282,21692,1180,1132,1085,1038,991,944,897,0,13107,19669,26214,32776
rowid=21 ts=1790944345 time=2026-10-02 20:32:25 s=18743,18219,22282,0,1999,1132,1085,1038,991,65535,897,3,13107,19669,26214,32776
rowid=22 ts=1790944346 time=2026-10-02 20:32:26 s=18743,18219,22282,0,1999,1132,1085,1038,991,65535,897,3,13107,19669,26214,32776
rowid=23 ts=1790944347 time=2026-10-02 20:32:27 s=18743,18219,22282,0,1999,1132,1085,1038,991,65535,897,3,13107,19669,26214,32776
rowid=24 ts=1790944348 time=2026-10-02 20:32:28 s=18743,18219,22282,0,1999,1132,1085,1038,991,65535,897,3,13107,19669,26214,32776
rowid=25 ts=1790944349 time=2026-10-02 20:32:29 s=18743,18219,22282,0,1999,1132,1085,1038,991,65535,897,3,13107,19669,26214,32776
rowid=26 ts=1790944350 time=2026-10-02 20:32:30 s=18743,18219,22282,0,1999,1132,1085,1038,991,65535,897,3,13107,19669,26214,32776
rowid=27 ts=1790944351 time=2026-10-02 20:32:31 s=18743,18219,22282,0,1999,1132,1085,1038,991,65535,897,3,13107,19669,26214,32776
rowid=28 ts=1790944352 time=2026-10-02 20:32:32 s=18743,18219,22282,0,1999,1132,1085,1038,991,65535,897,3,13107,19669,26214,32776
rowid=29 ts=1790944353 time=2026-10-02 20:32:33 s=18743,18219,22282,0,1999,1132,1085,1038,991,65535,897,3,13107,19669,26214,32776
rowid=30 ts=1790944354 time=2026-10-02 20:32:34 s=18743,18219,22282,0,1999,1132,1085,1038,991,65535,897,3,13107,19669,26214,32776
rowid=31 ts=1790944355 time=2026-10-02 20:32:35 s=18743,18219,22282,0,1999,1132,1085,1038,991,65535,897,3,13107,19669,26214,32776
rowid=32 ts=1790944356 time=2026-10-02 20:32:36 s=18743,18219,22282,0,1999,1132,1085,1038,991,65535,897,3,13107,19669,26214,32776
rowid=33 ts=1790944357 time=2026-10-02 20:32:37 s=18743,18219,22282,0,361,1132,1085,1038,991,65535,897,3,13107,19669,26214,32776
rowid=34 ts=1790944358 time=2026-10-02 20:32:38 s=18743,18219,22282,0,361,1132,1085,1038,991,65535,897,3,13107,19669,26214,32776
rowid=35 ts=1790944359 time=2026-10-02 20:32:39 s=18743,18219,22282,0,361,1132,1085,1038,991,65535,897,3,13107,19669,26214,32776
rowid=36 ts=1790944360 time=2026-10-02 20:32:40 s=18743,18219,22282,0,361,1132,1085,1038,991,65535,897,3,13107,19669,26214,32776
rowid=37 ts=1790944361 time=2026-10-02 20:32:41 s=18743,18219,22282,0,361,1132,1085,1038,991,65535,897,3,13107,19669,26214,32776
rowid=38 ts=1790944362 time=2026-10-02 20:32:42 s=18743,18219,22282,0,361,1132,1085,1038,991,65535,897,3,13107,19669,26214,32776
rowid=39 ts=1790944363 time=2026-10-02 20:32:43 s=18743,18219,22282,0,361,1132,1085,1038,991,65535,897,3,13107,19669,26214,32776
rowid=40 ts=1790944364 time=2026-10-02 20:32:44 s=18743,18219,22282,0,361,1132,1085,1038,991,65535,897,3,13107,19669,26214,32776
rowid=41 ts=1790944365 time=2026-10-02 20:32:45 s=18743,19038,22282,21692,1180,1132,1085,1038,991,944,897,0,13107,19669,26214,32776
rowid=42 ts=1790944366 time=2026-10-02 20:32:46 s=18743,19038,22282,21692,1180,1132,1085,1038,991,944,897,0,13107,19669,26214,32776
rowid=43 ts=1790944367 time=2026-10-02 20:32:47 s=18743,19038,22282,21692,1180,1132,1085,1038,991,944,897,0,13107,19669,26214,32776
rowid=44 ts=1790944368 time=2026-10-02 20:32:48 s=18743,19038,22282,21692,1180,1132,1085,1038,991,944,897,0,13107,19669,26214,32776
rowid=45 ts=1790944369 time=2026-10-02 20:32:49 s=18743,19038,22282,21692,1180,1132,1085,1038,991,944,897,0,13107,19669,26214,32776
rowid=46 ts=1790944370 time=2026-10-02 20:32:50 s=18743,19038,22282,21692,1180,1132,1085,1038,991,944,897,0,13107,19669,26214,32776
rowid=47 ts=1790944371 time=2026-10-02 20:32:51 s=18743,19038,22282,21692,1180,1132,1085,1038,991,944,897,0,13107,19669,26214,32776
rowid=48 ts=1790944372 time=2026-10-02 20:32:52 s=18743,19038,22282,21692,1180,1132,1085,1038,991,944,897,0,13107,19669,26214,32776
rowid=49 ts=1790944373 time=2026-10-02 20:32:53 s=18743,19038,22282,21692,1180,1132,1085,1038,991,944,897,0,13107,19669,26214,32776
rowid=50 ts=1790944374 time=2026-10-02 20:32:54 s=18743,19038,22282,21692,1180,1132,1085,1038,991,944,897,0,13107,19669,26214,32776
rowid=51 ts=1790944375 time=2026-10-02 20:32:55 s=18743,19038,22282,21692,1180,1132,1085,1038,991,944,897,0,13107,19669,26214,32776
rowid=52 ts=1790944376 time=2026-10-02 20:32:56 s=18743,19038,22282,21692,1180,1132,1085,1038,991,944,897,0,13107,19669,26214,32776
rowid=53 ts=1790944377 time=2026-10-02 20:32:57 s=18743,19038,22282,21692,1180,1132,1085,1038,991,944,897,0,13107,19669,26214,32776
rowid=54 ts=1790944378 time=2026-10-02 20:32:58 s=18743,19038,22282,21692,1180,1132,1085,1038,991,944,897,0,13107,19669,26214,32776
rowid=55 ts=1790944379 time=2026-10-02 20:32:59 s=18743,19038,22282,21692,1180,1132,1085,1038,991,944,897,0,13107,19669,26214,32776
rowid=56 ts=1790944380 time=2026-10-02 20:33:00 s=18743,19038,22282,21692,1180,1132,1085,1038,991,944,897,0,13107,19669,26214,32776
rowid=57 ts=1790944381 time=2026-10-02 20:33:01 s=18743,19038,22282,21692,1180,1132,1085,1038,991,944,897,0,13107,19669,26214,32776
rowid=58 ts=1790944382 time=2026-10-02 20:33:02 s=18743,19038,22282,21692,1180,1132,1085,1038,991,944,897,0,13107,19669,26214,32776
rowid=59 ts=1790944383 time=2026-10-02 20:33:03 s=18743,19038,22282,21692,1180,1132,1085,1038,991,944,897,0,13107,19669,26214,32776
rowid=60 ts=1790944384 time=2026-10-02 20:33:04 s=18743,19038,22282,21692,1180,1132,1085,1038,991,944,897,0,13107,19669,26214,32776
rowid=61 ts=1790944385 time=2026-10-02 20:33:05 s=18743,19038,22282,21692,1180,1132,1085,1038,991,944,897,0,13107,19669,26214,32776
rowid=62 ts=1790944386 time=2026-10-02 20:33:06 s=18743,19038,22282,21692,1180,1132,1085,1038,991,944,897,0,13107,19669,26214,32776
rowid=63 ts=1790944387 time=2026-10-02 20:33:07 s=18743,19038,22282,21692,1180,1132,1085,1038,991,944,897,0,13107,19669,26214,32776
rowid=64 ts=1790944388 time=2026-10-02 20:33:08 s=18743,19038,22282,21692,1180,1132,1085,1038,991,944,897,0,13107,19669,26214,32776
rowid=65 ts=1790944389 time=2026-10-02 20:33:09 s=18743,19038,22282,21692,1180,1132,1085,1038,991,944,897,0,13107,19669,26214,32776
rowid=66 ts=1790944390 time=2026-10-02 20:33:10 s=18743,19038,22282,21692,1180,1132,1085,1038,991,944,897,0,13107,19669,26214,32776
rowid=67 ts=1790944391 time=2026-10-02 20:33:11 s=18743,19038,22282,21692,1180,1132,1085,1038,991,944,897,0,13107,19669,26214,32776
rowid=68 ts=1790944392 time=2026-10-02 20:33:12 s=18743,19038,22282,21692,1180,1132,1085,1038,991,944,897,0,13107,19669,26214,32776
rowid=69 ts=1790944393 time=2026-10-02 20:33:13 s=18743,19038,22282,21692,1180,1132,1085,1038,991,944,897,0,13107,19669,26214,32776
rowid=70 ts=1790944394 time=2026-10-02 20:33:14 s=18743,19038,22282,21692,1180,1132,1085,1038,991,944,897,0,13107,19669,26214,32776
rowid=71 ts=1790944395 time=2026-10-02 20:33:15 s=18743,19038,22282,21692,1180,1132,1085,1038,991,944,897,0,13107,19669,26214,32776
rowid=72 ts=1790944396 time=2026-10-02 20:33:16 s=18743,19038,22282,21692,1180,1132,1085,1038,991,944,897,0,13107,19669,26214,32776
rowid=73 ts=1790944397 time=2026-10-02 20:33:17 s=18743,19038,22282,21692,1180,1132,1085,1038,991,944,897,0,13107,19669,26214,32776
rowid=74 ts=1790944398 time=2026-10-02 20:33:18 s=18743,19038,22282,21692,1180,1132,1085,1038,991,944,897,0,13107,19669,26214,32776
rowid=75 ts=1790944399 time=2026-10-02 20:33:19 s=18743,19038,22282,21692,1180,1132,1085,1038,991,944,897,0,13107,19669,26214,32776
75 row(s)
